546 12.00
80 11.00
80 11.00
504 14.50
752 13.50
925 10.00
665 5.50
74 9.50
244 10.50
604 9.00
745 8.00
415 6.50
543 9.00
118 6.50
438 11.00
838 7.00
330 11.00
87 12.50
545 12.50
831 12.00
953 6.00
381 10.00
555 8.50
708 11.00
277 7.50
314 12.50
787 8.50
191 6.00
55 9.00
490 10.00
271 10.00
617 12.00
767 14.50
939 13.00
258 8.00
400 11.50
842 14.00
104 5.00
500 5.50
857 11.00
839 8.50
47 9.00
578 5.00
711 7.50
593 10.50
204 14.50
982 11.50
910 6.50
879 13.50
866 13.00
781 10.50
328 12.00
95 15.00
463 7.50
4 11.50
918 12.00
139 13.00
652 13.00
350 10.50
87 11.00
935 13.00
362 11.00
366 11.00
952 13.00
126 8.00
58 14.00
671 12.00
86 14.50
628 7.50
995 13.00
